# 1993-11-10 TV Schedule for Ефир 2
time	title
