# 1970-11-26 TV Schedule for Първа програма
time	title
