# 1999-08-09 TV Schedule for Ефир 2
time	title
