# 1986-06-26 TV Schedule for Втора програма
time	title
