# 1965-08-12 TV Schedule for Първа програма
time	title
