# 1964-04-26 TV Schedule for Първа програма
time	title
