# 1984-04-11 TV Schedule for Втора програма
time	title
