# 1995-04-21 TV Schedule for Канал 1
time	title
