# 1991-04-29 TV Schedule for Първа програма
time	title
