# 1997-07-30 TV Schedule for Ефир 2
time	title
