# 1993-09-21 TV Schedule for Ефир 2
time	title
