# 1960-02-16 TV Schedule for Първа програма
time	title
