# 1998-12-11 TV Schedule for Ефир 2
time	title
