# 1983-03-10 TV Schedule for Втора програма
time	title
