# 1996-06-18 TV Schedule for Ефир 2
time	title
